Test Case    Kernel     Avg Time       
----------------------------------------
3            2          5439.9700      
3            3          1342.9200      
3            4          1499.2700      
3            5          1475.3500      
3            7          2730.9000      
3            8          2483.1500      
3            11         2366.6700      
3            12         2305.4600
4            2          38990.3000     
4            3          9829.9300      
4            4          10701.6000     
4            5          10515.2000     
4            7          18918.5000     
4            8          18679.3000     
4            11         18065.0000     
4            12         17100.5000     
