Test Case    Kernel     Avg Time       
----------------------------------------
3            2          5364.8300      
3            3          3889.3700      
3            4          4218.0300      
3            5          4227.7000      
3            7          8392.7300      
3            8          7961.2700      
3            11         7295.2300      
3            12         7109.7000      
4            2          40274.7000     
4            3          81058.3000     
4            4          83421.0000     
4            5          84953.0000     
4            7          82154.7000     
4            8          64670.7000     
4            11         70516.7000     
4            12         66698.3000     
