Test Case    Kernel     Avg Time       
----------------------------------------
3            2          4242.7300      
3            3          1959.0100      
3            4          2062.2300      
3            5          1977.9900      
3            7          3921.9000      
3            8          3910.7300      
3            11         3557.9000      
3            12         3493.1000      
4            2          31200.0000     
4            3          23301.4000     
4            4          17347.6000     
4            5          17840.8000     
4            7          31256.6000     
4            8          31162.6000     
4            11         27861.7000     
4            12         28706.5000