Test Case    Kernel     Avg Time       
----------------------------------------
3            2          5531.1700      
3            3          1336.0600      
3            4          1329.4100      
3            5          1308.7200      
3            7          3115.7200      
3            8          2346.6100      
3            11         2625.6400      
3            12         2125.7800   
4            2          49409.3000     
4            3          10152.3000     
4            4          10052.4000     
4            5          10190.6000     
4            7          27121.5000     
4            8          17833.9000     
4            11         19506.6000     
4            12         16156.2000     
