Test Case    Kernel     Avg Time       
----------------------------------------
1            2          1186.1700      
1            3          96.8000        
1            4          96.1493        
1            5          126.3680       
1            7          182.7520       
1            8          180.0960       
1            11         131.2430       
1            12         113.7810

2            2          1489.3500      
2            3          301.7490       
2            4          287.6160       
2            5          324.0640       
2            7          463.2000       
2            8          466.8600       
2            11         450.6030       
2            12         443.2630

3            2          5321.7700      
3            3          1752.9800      
3            4          1598.9400      
3            5          1698.2300      
3            7          2677.3000      
3            8          2565.2000      
3            11         2624.9800      
3            12         2525.4500
     
4            2          38981.0000     
4            3          12270.5000     
4            4          11180.2000     
4            5          12111.8000     
4            7          19036.8000     
4            8          17983.1000     
4            11         18399.0000     
4            12         17719.1000