Test Case    Kernel     Avg Time       
----------------------------------------
1            2          1108.8800      
1            3          61.7280        
1            4          79.6053        
1            5          108.8530       
1            7          154.4530       
1            8          139.4990       
1            11         134.3360       
1            12         134.3360 

2            2          1368.8200      
2            3          361.3130       
2            4          495.7000       
2            5          505.0670       
2            7          791.9130       
2            8          774.7100       
2            11         938.2070       
2            12         962.4530

3            2          4243.1700      
3            3          2665.8500      
3            4          3757.0300      
3            5          3627.9700      
3            7          6144.6000      
3            8          5793.0300      
3            11         7187.2300      
3            12         7382.8300 
     
4            2          28317.1000     
4            3          26799.4000     
4            4          29787.9000     
4            5          29589.3000     
4            7          48223.0000     
4            8          45770.3000     
4            11         57568.7000     
4            12         59020.0000