Test Case    Kernel     Avg Time       
----------------------------------------
1            2          1144.8700      
1            3          43.5307        
1            4          55.1360        
1            5          82.8373        
1            7          125.5040       
1            8          119.6270       
1            11         88.3520        
1            12         97.4293 

2            2          1359.7200      
2            3          257.9840       
2            4          292.2770       
2            5          313.2690       
2            7          556.7770       
2            8          548.5100       
2            11         570.8930       
2            12         581.9200 

3            2          4029.8000      
3            3          1851.7200      
3            4          2088.5100      
3            5          2045.7100      
3            7          3993.1700      
3            8          3933.6000      
3            11         4256.7300      
3            12         4397.2000
      
4            2          31131.3000     
4            3          18266.2000     
4            4          22568.6000     
4            5          19408.6000     
4            7          30974.6000     
4            8          30572.3000     
4            11         34203.7000     
4            12         34713.3000 