Test Case    Kernel     Avg Time       
----------------------------------------
1            2          1119.4600      
1            3          45.5680        
1            4          60.0427        
1            5          94.5387        
1            7          127.8510       
1            8          121.8030       
1            11         87.4133        
1            12         90.2187  

2            2          1211.5500      
2            3          215.1250       
2            4          288.5650       
2            5          320.7680       
2            7          490.9000       
2            8          484.3930       
2            11         561.0130       
2            12         494.4000

3            2          3027.6500      
3            3          1428.0300      
3            4          1945.9600      
3            5          1943.6400      
3            7          3244.5000      
3            8          3108.1300      
3            11         3481.1000      
3            12         3462.4700 
     
4            2          19545.6000     
4            3          11210.3000     
4            4          14770.8000     
4            5          15013.1000     
4            7          24513.2000     
4            8          23702.4000     
4            11         26907.0000     
4            12         26709.0000