Test Case    Kernel     Avg Time       
----------------------------------------
1            2          1293.9400      
1            3          111.1150       
1            4          66.1653        
1            5          112.6510       
1            7          166.3360       
1            8          128.4690       
1            11         101.3330       
1            12         84.1707 

2            2          1477.1000      
2            3          337.7930       
2            4          203.2210       
2            5          279.6690       
2            7          581.9200       
2            8          414.1330       
2            11         488.3300       
2            12         400.6200 

3            2          5706.0700      
3            3          2451.6700      
3            4          1340.5900      
3            5          1636.2900      
3            7          3301.3800      
3            8          2474.0200      
3            11         2943.9600      
3            12         2497.9500 
     
4            2          49352.0000     
4            3          18012.0000     
4            4          10088.7000     
4            5          12474.1000     
4            7          27942.7000     
4            8          17862.0000     
4            11         21939.6000     
4            12         18863.8000